0,0,0,1.099148652040015e-09
0,0,0,1.099148652040015e-09
1,1,0,5.980719585485398e-10
1,1,0,5.980719585485398e-10
2,2,0,2.1638552388428156e-10
2,2,0,2.1638552388428156e-10
3,3,0,2.187708495432978e-11
3,3,0,2.187708495432978e-11
4,4,0,8.882120815448305e-12
4,4,0,8.882120815448305e-12
5,5,0,2.9732692022810343e-09
5,5,0,2.9732692022810343e-09
6,6,0,4.851936891135466e-09
6,6,0,4.851936891135466e-09
7,7,0,2.82181502824806e-09
7,7,0,2.82181502824806e-09
8,8,0,3.416022619575993e-10
8,8,0,3.416022619575993e-10
9,9,0,3.73108633392068e-11
9,9,0,3.73108633392068e-11
10,10,0,3.33406787031786e-10
10,10,0,3.33406787031786e-10
11,11,0,6.238388349311021e-10
11,11,0,6.238388349311021e-10
12,12,0,1.0822980027308541e-09
12,12,0,1.0822980027308541e-09
13,13,0,6.134884946700192e-10
13,13,0,6.134884946700192e-10
14,14,0,4.4117042383077914e-10
14,14,0,4.4117042383077914e-10
15,15,0,9.802920512595785e-10
15,15,0,9.802920512595785e-10
16,16,0,5.903131621223174e-10
16,16,0,5.903131621223174e-10
17,17,0,7.422728091428275e-10
17,17,0,7.422728091428275e-10
18,18,0,1.0996027286134337e-09
18,18,0,1.0996027286134337e-09
19,19,0,7.114968231162092e-10
19,19,0,7.114968231162092e-10
20,20,0,1.3270836910500657e-09
20,20,0,1.3270836910500657e-09
21,21,0,3.4418948769248934e-10
21,21,0,3.4418948769248934e-10
22,22,0,3.694888508968286e-10
22,22,0,3.694888508968286e-10
23,23,0,6.887894920426121e-09
23,23,0,6.887894920426121e-09
24,24,0,7.969757285486084e-09
24,24,0,7.969757285486084e-09
25,25,0,1.1482557414064342e-08
25,25,0,1.1482557414064342e-08
26,26,0,1.3824205327819304e-08
26,26,0,1.3824205327819304e-08
27,27,0,2.517479394539737e-09
27,27,0,2.517479394539737e-09
28,28,0,2.5089567283275484e-10
28,28,0,2.5089567283275484e-10
29,29,0,8.966601863866243e-10
29,29,0,8.966601863866243e-10
30,30,0,2.008745189471438e-09
30,30,0,2.008745189471438e-09
31,31,0,9.744689000402886e-10
31,31,0,9.744689000402886e-10
32,31,1,9.128936884571467e-10
32,31,1,9.128936884571467e-10
33,30,1,9.352936580184356e-10
33,30,1,9.352936580184356e-10
34,29,1,1.7050158515055484e-09
34,29,1,1.7050158515055484e-09
35,28,1,8.055587076140361e-13
35,28,1,8.055587076140361e-13
36,27,1,8.842961686978077e-09
36,27,1,8.842961686978077e-09
37,26,1,1.1805992016872909e-08
37,26,1,1.1805992016872909e-08
38,25,1,1.2504601949241905e-08
38,25,1,1.2504601949241905e-08
39,24,1,1.0711933234048414e-08
39,24,1,1.0711933234048414e-08
40,23,1,7.3087869532902e-09
40,23,1,7.3087869532902e-09
41,22,1,1.262135274286711e-08
41,22,1,1.262135274286711e-08
42,21,1,1.3574952568194198e-08
42,21,1,1.3574952568194198e-08
43,20,1,1.4162880089841678e-08
43,20,1,1.4162880089841678e-08
44,19,1,1.4077234437769187e-08
44,19,1,1.4077234437769187e-08
45,18,1,1.4621779567771617e-08
45,18,1,1.4621779567771617e-08
46,17,1,7.106835278853299e-09
46,17,1,7.106835278853299e-09
47,16,1,1.246123939655812e-08
47,16,1,1.246123939655812e-08
48,15,1,1.032177174222585e-08
48,15,1,1.032177174222585e-08
49,14,1,2.2465424468705383e-10
49,14,1,2.2465424468705383e-10
50,13,1,1.0112826506154222e-09
50,13,1,1.0112826506154222e-09
51,12,1,7.449897431965853e-10
51,12,1,7.449897431965853e-10
52,11,1,2.233011651806753e-09
52,11,1,2.233011651806753e-09
53,10,1,2.2888215809997714e-11
53,10,1,2.2888215809997714e-11
54,9,1,1.8874485733071775e-09
54,9,1,1.8874485733071775e-09
55,8,1,2.6506773671707845e-09
55,8,1,2.6506773671707845e-09
56,7,1,5.1447599109088615e-09
56,7,1,5.1447599109088615e-09
57,6,1,3.339812146312506e-09
57,6,1,3.339812146312506e-09
58,5,1,2.1740043861885404e-09
58,5,1,2.1740043861885404e-09
59,4,1,4.5624777711609186e-10
59,4,1,4.5624777711609186e-10
60,3,1,1.5599662452061711e-09
60,3,1,1.5599662452061711e-09
61,2,1,-6.6534497219838066e-12
61,2,1,-6.6534497219838066e-12
62,1,1,8.586159348420944e-11
62,1,1,8.586159348420944e-11
63,0,1,3.4828846466849406e-11
63,0,1,3.4828846466849406e-11
64,0,2,2.150940616298219e-10
64,0,2,2.150940616298219e-10
65,1,2,1.1810946705947263e-11
65,1,2,1.1810946705947263e-11
66,2,2,3.085990123626651e-12
66,2,2,3.085990123626651e-12
67,3,2,1.4486525319777424e-11
67,3,2,1.4486525319777424e-11
68,4,2,5.331531735757259e-09
68,4,2,5.331531735757259e-09
69,5,2,1.4050810714351748e-09
69,5,2,1.4050810714351748e-09
70,6,2,2.1383193262435737e-09
70,6,2,2.1383193262435737e-09
71,7,2,1.1992130353836877e-09
71,7,2,1.1992130353836877e-09
72,8,2,4.665460311605602e-09
72,8,2,4.665460311605602e-09
73,9,2,3.6661184853835508e-09
73,9,2,3.6661184853835508e-09
74,10,2,3.3852620728803296e-09
74,10,2,3.3852620728803296e-09
75,11,2,-1.7766610855017336e-11
75,11,2,-1.7766610855017336e-11
76,12,2,1.1090131054320647e-09
76,12,2,1.1090131054320647e-09
77,13,2,1.861665511220723e-11
77,13,2,1.861665511220723e-11
78,14,2,1.121593155035488e-08
78,14,2,1.121593155035488e-08
79,15,2,1.2368652376779561e-08
79,15,2,1.2368652376779561e-08
80,16,2,1.3068928165390159e-08
80,16,2,1.3068928165390159e-08
81,17,2,1.3985522703187359e-08
81,17,2,1.3985522703187359e-08
82,18,2,1.3567161506312826e-08
82,18,2,1.3567161506312826e-08
83,19,2,1.4147778354249286e-08
83,19,2,1.4147778354249286e-08
84,20,2,1.2196381942157012e-08
84,20,2,1.2196381942157012e-08
85,21,2,1.0568404906883263e-08
85,21,2,1.0568404906883263e-08
86,22,2,2.1830237749311064e-08
86,22,2,2.1830237749311064e-08
87,23,2,1.4634787666867177e-08
87,23,2,1.4634787666867177e-08
88,24,2,1.3549613361537843e-08
88,24,2,1.3549613361537843e-08
89,25,2,9.211338335257615e-09
89,25,2,9.211338335257615e-09
90,26,2,1.1785988467156087e-08
90,26,2,1.1785988467156087e-08
91,27,2,1.672659462573798e-08
91,27,2,1.672659462573798e-08
92,28,2,6.557408450532601e-10
92,28,2,6.557408450532601e-10
93,29,2,6.022488789105498e-10
93,29,2,6.022488789105498e-10
94,30,2,7.743536658559078e-10
94,30,2,7.743536658559078e-10
95,31,2,1.323643873788719e-09
95,31,2,1.323643873788719e-09
96,31,3,1.2116080945948895e-09
96,31,3,1.2116080945948895e-09
97,30,3,1.1075442489865997e-09
97,30,3,1.1075442489865997e-09
98,29,3,1.5099378036010067e-10
98,29,3,1.5099378036010067e-10
99,28,3,1.1173117099502695e-08
99,28,3,1.1173117099502695e-08
100,27,3,1.1494249660029301e-08
100,27,3,1.1494249660029301e-08
101,26,3,1.3975999783521964e-08
101,26,3,1.3975999783521964e-08
102,25,3,1.6675557799364806e-08
102,25,3,1.6675557799364806e-08
103,24,3,1.1136589939009895e-08
103,24,3,1.1136589939009895e-08
104,23,3,8.120588267109097e-09
104,23,3,8.120588267109097e-09
105,22,3,1.4959626613820884e-08
105,22,3,1.4959626613820884e-08
106,21,3,1.2730508731307852e-08
106,21,3,1.2730508731307852e-08
107,20,3,1.689190579061122e-08
107,20,3,1.689190579061122e-08
108,19,3,1.219575974606652e-08
108,19,3,1.219575974606652e-08
109,18,3,1.4248344960783143e-08
109,18,3,1.4248344960783143e-08
110,17,3,1.3875364142153298e-08
110,17,3,1.3875364142153298e-08
111,16,3,1.4020651099973883e-08
111,16,3,1.4020651099973883e-08
112,15,3,1.2357645939984037e-08
112,15,3,1.2357645939984037e-08
113,14,3,7.724045259446496e-09
113,14,3,7.724045259446496e-09
114,13,3,1.7232652941326343e-10
114,13,3,1.7232652941326343e-10
115,12,3,6.441961416025215e-10
115,12,3,6.441961416025215e-10
116,11,3,1.1503681817505712e-11
116,11,3,1.1503681817505712e-11
117,10,3,5.254869605902038e-09
117,10,3,5.254869605902038e-09
118,9,3,1.0881405239894368e-09
118,9,3,1.0881405239894368e-09
119,8,3,4.748783468694676e-09
119,8,3,4.748783468694676e-09
120,7,3,3.893835697273764e-09
120,7,3,3.893835697273764e-09
121,6,3,1.9801630788341365e-09
121,6,3,1.9801630788341365e-09
122,5,3,-5.145272523985664e-13
122,5,3,-5.145272523985664e-13
123,4,3,-7.200965340860237e-12
123,4,3,-7.200965340860237e-12
124,3,3,-7.029015444064862e-13
124,3,3,-7.029015444064862e-13
125,2,3,8.786969376822675e-12
125,2,3,8.786969376822675e-12
126,1,3,3.902017714861714e-12
126,1,3,3.902017714861714e-12
127,0,3,-1.728669734964697e-11
127,0,3,-1.728669734964697e-11
128,0,4,9.652573535552595e-11
128,0,4,9.652573535552595e-11
129,1,4,2.929322141553131e-11
129,1,4,2.929322141553131e-11
130,2,4,-6.101294614032862e-12
130,2,4,-6.101294614032862e-12
131,3,4,2.9447541258191725e-09
131,3,4,2.9447541258191725e-09
132,4,4,1.9933430514188888e-09
132,4,4,1.9933430514188888e-09
133,5,4,6.250677453338761e-09
133,5,4,6.250677453338761e-09
134,6,4,2.3927132944060984e-09
134,6,4,2.3927132944060984e-09
135,7,4,3.98994931992367e-09
135,7,4,3.98994931992367e-09
136,8,4,9.480679777085113e-10
136,8,4,9.480679777085113e-10
137,9,4,3.203063529883221e-11
137,9,4,3.203063529883221e-11
138,10,4,1.5504937765027593e-10
138,10,4,1.5504937765027593e-10
139,11,4,7.726462852415009e-11
139,11,4,7.726462852415009e-11
140,12,4,7.051367242552294e-10
140,12,4,7.051367242552294e-10
141,13,4,8.165970334948415e-10
141,13,4,8.165970334948415e-10
142,14,4,1.1624902587604919e-08
142,14,4,1.1624902587604919e-08
143,15,4,1.322262749071432e-08
143,15,4,1.322262749071432e-08
144,16,4,1.422752653686895e-08
144,16,4,1.422752653686895e-08
145,17,4,1.4782143666825224e-08
145,17,4,1.4782143666825224e-08
146,18,4,1.2257644487680255e-08
146,18,4,1.2257644487680255e-08
147,19,4,1.6270550971904155e-08
147,19,4,1.6270550971904155e-08
148,20,4,1.3035120826645475e-08
148,20,4,1.3035120826645475e-08
149,21,4,1.4233812498597054e-08
149,21,4,1.4233812498597054e-08
150,22,4,1.4815075416956724e-08
150,22,4,1.4815075416956724e-08
151,23,4,1.882943366726184e-08
151,23,4,1.882943366726184e-08
152,24,4,1.1467085234074187e-08
152,24,4,1.1467085234074187e-08
153,25,4,1.536578514674793e-08
153,25,4,1.536578514674793e-08
154,26,4,1.660786214362725e-08
154,26,4,1.660786214362725e-08
155,27,4,1.816227599540669e-08
155,27,4,1.816227599540669e-08
156,28,4,1.2847439665611217e-08
156,28,4,1.2847439665611217e-08
157,29,4,1.5251502428653467e-10
157,29,4,1.5251502428653467e-10
158,30,4,4.800311337590705e-10
158,30,4,4.800311337590705e-10
159,31,4,4.716422793246083e-10
159,31,4,4.716422793246083e-10
160,31,5,7.482464263903375e-10
160,31,5,7.482464263903375e-10
161,30,5,8.578475744197683e-11
161,30,5,8.578475744197683e-11
162,29,5,1.4700787051511176e-08
162,29,5,1.4700787051511176e-08
163,28,5,1.5279041107258744e-08
163,28,5,1.5279041107258744e-08
164,27,5,1.3355163908667862e-08
164,27,5,1.3355163908667862e-08
165,26,5,1.4269190599857822e-08
165,26,5,1.4269190599857822e-08
166,25,5,1.2862513945433421e-08
166,25,5,1.2862513945433421e-08
167,24,5,1.4440000019147265e-08
167,24,5,1.4440000019147265e-08
168,23,5,9.373709063069987e-09
168,23,5,9.373709063069987e-09
169,22,5,1.6066377469769268e-08
169,22,5,1.6066377469769268e-08
170,21,5,1.3239912760342894e-08
170,21,5,1.3239912760342894e-08
171,20,5,1.849071789539608e-08
171,20,5,1.849071789539608e-08
172,19,5,1.570929559806922e-08
172,19,5,1.570929559806922e-08
173,18,5,1.4189046719549319e-08
173,18,5,1.4189046719549319e-08
174,17,5,1.2159773138692518e-08
174,17,5,1.2159773138692518e-08
175,16,5,1.8249279789671466e-08
175,16,5,1.8249279789671466e-08
176,15,5,1.4021869751667165e-08
176,15,5,1.4021869751667165e-08
177,14,5,1.508785102498413e-08
177,14,5,1.508785102498413e-08
178,13,5,1.3739182812398931e-08
178,13,5,1.3739182812398931e-08
179,12,5,2.2880376093573243e-11
179,12,5,2.2880376093573243e-11
180,11,5,2.842504858195533e-11
180,11,5,2.842504858195533e-11
181,10,5,1.0452245444637778e-11
181,10,5,1.0452245444637778e-11
182,9,5,4.274049809249284e-10
182,9,5,4.274049809249284e-10
183,8,5,8.607121720360518e-09
183,8,5,8.607121720360518e-09
184,7,5,6.637650587341461e-09
184,7,5,6.637650587341461e-09
185,6,5,8.591856289016182e-09
185,6,5,8.591856289016182e-09
186,5,5,7.098316635650351e-09
186,5,5,7.098316635650351e-09
187,4,5,6.5135839265994536e-09
187,4,5,6.5135839265994536e-09
188,3,5,2.1835795049603406e-09
188,3,5,2.1835795049603406e-09
189,2,5,9.921140458260142e-12
189,2,5,9.921140458260142e-12
190,1,5,1.7676012548528263e-11
190,1,5,1.7676012548528263e-11
191,0,5,2.2800014044294678e-11
191,0,5,2.2800014044294678e-11
192,0,6,1.5842700839528363e-10
192,0,6,1.5842700839528363e-10
193,1,6,4.342573703987728e-10
193,1,6,4.342573703987728e-10
194,2,6,2.25169968425391e-09
194,2,6,2.25169968425391e-09
195,3,6,2.2648992238802477e-09
195,3,6,2.2648992238802477e-09
196,4,6,4.571276883196104e-09
196,4,6,4.571276883196104e-09
197,5,6,3.349141529875846e-09
197,5,6,3.349141529875846e-09
198,6,6,6.323119524053464e-09
198,6,6,6.323119524053464e-09
199,7,6,5.5764837685957614e-09
199,7,6,5.5764837685957614e-09
200,8,6,1.0988128793699852e-09
200,8,6,1.0988128793699852e-09
201,9,6,-1.4310583058607253e-11
201,9,6,-1.4310583058607253e-11
202,10,6,5.259158871383462e-11
202,10,6,5.259158871383462e-11
203,11,6,4.328432992492502e-12
203,11,6,4.328432992492502e-12
204,12,6,1.082762200239999e-10
204,12,6,1.082762200239999e-10
205,13,6,1.5413461166613507e-08
205,13,6,1.5413461166613507e-08
206,14,6,1.214170848789432e-08
206,14,6,1.214170848789432e-08
207,15,6,8.298212389188277e-09
207,15,6,8.298212389188277e-09
208,16,6,1.484218547677437e-08
208,16,6,1.484218547677437e-08
209,17,6,1.5538468889231447e-08
209,17,6,1.5538468889231447e-08
210,18,6,1.4964631355961136e-08
210,18,6,1.4964631355961136e-08
211,19,6,1.2264756048257486e-08
211,19,6,1.2264756048257486e-08
212,20,6,1.4675660261636913e-08
212,20,6,1.4675660261636913e-08
213,21,6,1.2976822179251965e-08
213,21,6,1.2976822179251965e-08
214,22,6,1.157097339177238e-08
214,22,6,1.157097339177238e-08
215,23,6,1.1329250358808532e-08
215,23,6,1.1329250358808532e-08
216,24,6,1.1679415970249157e-08
216,24,6,1.1679415970249157e-08
217,25,6,1.501475045485422e-08
217,25,6,1.501475045485422e-08
218,26,6,1.9617229475152383e-08
218,26,6,1.9617229475152383e-08
219,27,6,2.1371101247983463e-08
219,27,6,2.1371101247983463e-08
220,28,6,2.0263369081264555e-08
220,28,6,2.0263369081264555e-08
221,29,6,1.3847776317820494e-08
221,29,6,1.3847776317820494e-08
222,30,6,1.284201360943299e-10
222,30,6,1.284201360943299e-10
223,31,6,2.0194317571678584e-09
223,31,6,2.0194317571678584e-09
224,31,7,2.543738481628908e-10
224,31,7,2.543738481628908e-10
225,30,7,3.1008683412422974e-11
225,30,7,3.1008683412422974e-11
226,29,7,1.5586101167133676e-08
226,29,7,1.5586101167133676e-08
227,28,7,1.3952155898885748e-08
227,28,7,1.3952155898885748e-08
228,27,7,1.295783880408303e-08
228,27,7,1.295783880408303e-08
229,26,7,9.29720836642642e-09
229,26,7,9.29720836642642e-09
230,25,7,1.1578918964534558e-08
230,25,7,1.1578918964534558e-08
231,24,7,1.7025842013088445e-08
231,24,7,1.7025842013088445e-08
232,23,7,1.583560086765581e-08
232,23,7,1.583560086765581e-08
233,22,7,1.572175117463347e-08
233,22,7,1.572175117463347e-08
234,21,7,1.9053687760752314e-08
234,21,7,1.9053687760752314e-08
235,20,7,1.2655350828997603e-08
235,20,7,1.2655350828997603e-08
236,19,7,1.5944056047549348e-08
236,19,7,1.5944056047549348e-08
237,18,7,1.756433791482479e-08
237,18,7,1.756433791482479e-08
238,17,7,1.4303674328338188e-08
238,17,7,1.4303674328338188e-08
239,16,7,1.2790464254490928e-08
239,16,7,1.2790464254490928e-08
240,15,7,1.6263764107871026e-08
240,15,7,1.6263764107871026e-08
241,14,7,1.4633902747401101e-08
241,14,7,1.4633902747401101e-08
242,13,7,1.1767862848113125e-08
242,13,7,1.1767862848113125e-08
243,12,7,1.2100048549973567e-10
243,12,7,1.2100048549973567e-10
244,11,7,1.6152717934009703e-10
244,11,7,1.6152717934009703e-10
245,10,7,1.3328510145636908e-11
245,10,7,1.3328510145636908e-11
246,9,7,7.069556317401179e-12
246,9,7,7.069556317401179e-12
247,8,7,4.985520497880251e-09
247,8,7,4.985520497880251e-09
248,7,7,6.035123851529092e-09
248,7,7,6.035123851529092e-09
249,6,7,6.805535451618174e-09
249,6,7,6.805535451618174e-09
250,5,7,3.0073309602843453e-09
250,5,7,3.0073309602843453e-09
251,4,7,3.600954241081279e-09
251,4,7,3.600954241081279e-09
252,3,7,2.347231945382163e-09
252,3,7,2.347231945382163e-09
253,2,7,1.2083179221914943e-09
253,2,7,1.2083179221914943e-09
254,1,7,1.3179869441867026e-09
254,1,7,1.3179869441867026e-09
255,0,7,7.845881952064763e-10
255,0,7,7.845881952064763e-10
256,0,8,5.953009005743012e-10
256,0,8,5.953009005743012e-10
257,1,8,5.130315096486014e-10
257,1,8,5.130315096486014e-10
258,2,8,2.4546019920470025e-09
258,2,8,2.4546019920470025e-09
259,3,8,2.29187596631349e-09
259,3,8,2.29187596631349e-09
260,4,8,4.787762789237543e-09
260,4,8,4.787762789237543e-09
261,5,8,1.3292929726750536e-09
261,5,8,1.3292929726750536e-09
262,6,8,1.4104019393008992e-09
262,6,8,1.4104019393008992e-09
263,7,8,1.40673652537731e-09
263,7,8,1.40673652537731e-09
264,8,8,2.5970197746632044e-09
264,8,8,2.5970197746632044e-09
265,9,8,3.980679381153459e-12
265,9,8,3.980679381153459e-12
266,10,8,4.600117062033592e-11
266,10,8,4.600117062033592e-11
267,11,8,1.660660457037364e-10
267,11,8,1.660660457037364e-10
268,12,8,4.0392344104125455e-11
268,12,8,4.0392344104125455e-11
269,13,8,1.8221001888535426e-08
269,13,8,1.8221001888535426e-08
270,14,8,2.239979318342006e-08
270,14,8,2.239979318342006e-08
271,15,8,1.9649878825714658e-08
271,15,8,1.9649878825714658e-08
272,16,8,2.2357050734695192e-08
272,16,8,2.2357050734695192e-08
273,17,8,2.324925866973716e-08
273,17,8,2.324925866973716e-08
274,18,8,1.7490116145036006e-08
274,18,8,1.7490116145036006e-08
275,19,8,1.9474578934334918e-08
275,19,8,1.9474578934334918e-08
276,20,8,1.648415564766009e-08
276,20,8,1.648415564766009e-08
277,21,8,1.9455760882848483e-08
277,21,8,1.9455760882848483e-08
278,22,8,2.034971730327487e-08
278,22,8,2.034971730327487e-08
279,23,8,1.809265301607237e-08
279,23,8,1.809265301607237e-08
280,24,8,1.7791914417068575e-08
280,24,8,1.7791914417068575e-08
281,25,8,1.6699458503000014e-08
281,25,8,1.6699458503000014e-08
282,26,8,1.4661068126994564e-08
282,26,8,1.4661068126994564e-08
283,27,8,1.372979651281391e-08
283,27,8,1.372979651281391e-08
284,28,8,1.5746403013554625e-08
284,28,8,1.5746403013554625e-08
285,29,8,1.603148409999507e-08
285,29,8,1.603148409999507e-08
286,30,8,1.379584725804016e-08
286,30,8,1.379584725804016e-08
287,31,8,3.6517038331404487e-10
287,31,8,3.6517038331404487e-10
288,31,9,2.6371131605619495e-10
288,31,9,2.6371131605619495e-10
289,30,9,1.3953195664742917e-08
289,30,9,1.3953195664742917e-08
290,29,9,1.4604652460798085e-08
290,29,9,1.4604652460798085e-08
291,28,9,9.439857854996729e-09
291,28,9,9.439857854996729e-09
292,27,9,1.5713167643512596e-08
292,27,9,1.5713167643512596e-08
293,26,9,1.2780373532529054e-08
293,26,9,1.2780373532529054e-08
294,25,9,1.469680999185288e-08
294,25,9,1.469680999185288e-08
295,24,9,1.8302290506915345e-08
295,24,9,1.8302290506915345e-08
296,23,9,2.1729355269832556e-08
296,23,9,2.1729355269832556e-08
297,22,9,1.4438570091298854e-08
297,22,9,1.4438570091298854e-08
298,21,9,1.352539847351848e-08
298,21,9,1.352539847351848e-08
299,20,9,1.736400254221394e-08
299,20,9,1.736400254221394e-08
300,19,9,1.801075758260443e-08
300,19,9,1.801075758260443e-08
301,18,9,1.8293793223565163e-08
301,18,9,1.8293793223565163e-08
302,17,9,2.3375843906330716e-08
302,17,9,2.3375843906330716e-08
303,16,9,1.579525256757173e-08
303,16,9,1.579525256757173e-08
304,15,9,1.816041147514436e-08
304,15,9,1.816041147514436e-08
305,14,9,1.156904853138234e-08
305,14,9,1.156904853138234e-08
306,13,9,1.6112855347049906e-08
306,13,9,1.6112855347049906e-08
307,12,9,1.5546068297412989e-10
307,12,9,1.5546068297412989e-10
308,11,9,5.231263256089374e-10
308,11,9,5.231263256089374e-10
309,10,9,4.2756819448159384e-10
309,10,9,4.2756819448159384e-10
310,9,9,1.368063043829392e-09
310,9,9,1.368063043829392e-09
311,8,9,1.3660379103747864e-09
311,8,9,1.3660379103747864e-09
312,7,9,6.6334436601442044e-09
312,7,9,6.6334436601442044e-09
313,6,9,5.050558310366928e-09
313,6,9,5.050558310366928e-09
314,5,9,4.556597792271407e-09
314,5,9,4.556597792271407e-09
315,4,9,2.4694409243711004e-10
315,4,9,2.4694409243711004e-10
316,3,9,1.5975499697262394e-10
316,3,9,1.5975499697262394e-10
317,2,9,3.215081269072447e-09
317,2,9,3.215081269072447e-09
318,1,9,3.019470612574406e-10
318,1,9,3.019470612574406e-10
319,0,9,1.3955704494847965e-09
319,0,9,1.3955704494847965e-09
320,0,10,1.2234882474873774e-09
320,0,10,1.2234882474873774e-09
321,1,10,1.4424269608338444e-09
321,1,10,1.4424269608338444e-09
322,2,10,4.0852123240875455e-10
322,2,10,4.0852123240875455e-10
323,3,10,4.702410620105022e-11
323,3,10,4.702410620105022e-11
324,4,10,1.170709021472531e-09
324,4,10,1.170709021472531e-09
325,5,10,2.0061373572091022e-09
325,5,10,2.0061373572091022e-09
326,6,10,5.103275069228642e-09
326,6,10,5.103275069228642e-09
327,7,10,3.1693229918843115e-09
327,7,10,3.1693229918843115e-09
328,8,10,3.0202504882967248e-09
328,8,10,3.0202504882967248e-09
329,9,10,1.234593744657536e-09
329,9,10,1.234593744657536e-09
330,10,10,8.03725054936246e-10
330,10,10,8.03725054936246e-10
331,11,10,8.473100284372358e-11
331,11,10,8.473100284372358e-11
332,12,10,1.6772641714862018e-08
332,12,10,1.6772641714862018e-08
333,13,10,1.646470302422408e-08
333,13,10,1.646470302422408e-08
334,14,10,1.7430405650608877e-08
334,14,10,1.7430405650608877e-08
335,15,10,2.1160689041458772e-08
335,15,10,2.1160689041458772e-08
336,16,10,1.7518511445607628e-08
336,16,10,1.7518511445607628e-08
337,17,10,2.176239822995621e-08
337,17,10,2.176239822995621e-08
338,18,10,1.828479825893147e-08
338,18,10,1.828479825893147e-08
339,19,10,1.6065263780269542e-08
339,19,10,1.6065263780269542e-08
340,20,10,1.703010918288825e-08
340,20,10,1.703010918288825e-08
341,21,10,1.3956997700644544e-08
341,21,10,1.3956997700644544e-08
342,22,10,1.3320209736356137e-08
342,22,10,1.3320209736356137e-08
343,23,10,1.6370606359878873e-08
343,23,10,1.6370606359878873e-08
344,24,10,1.7377927219935584e-11
344,24,10,1.7377927219935584e-11
345,25,10,1.7366414194281348e-08
345,25,10,1.7366414194281348e-08
346,26,10,1.6424020911440874e-08
346,26,10,1.6424020911440874e-08
347,27,10,1.3486335505715598e-08
347,27,10,1.3486335505715598e-08
348,28,10,5.999097118897235e-11
348,28,10,5.999097118897235e-11
349,29,10,1.3361763257551796e-08
349,29,10,1.3361763257551796e-08
350,30,10,4.8589681836480336e-09
350,30,10,4.8589681836480336e-09
351,31,10,1.1249048289845489e-11
351,31,10,1.1249048289845489e-11
352,31,11,1.3421971563522192e-08
352,31,11,1.3421971563522192e-08
353,30,11,1.9578348157508043e-08
353,30,11,1.9578348157508043e-08
354,29,11,1.8034783013611445e-08
354,29,11,1.8034783013611445e-08
355,28,11,1.7777250894334855e-08
355,28,11,1.7777250894334855e-08
356,27,11,1.1833860773068449e-08
356,27,11,1.1833860773068449e-08
357,26,11,4.225429685324556e-09
357,26,11,4.225429685324556e-09
358,25,11,1.5427496511805797e-08
358,25,11,1.5427496511805797e-08
359,24,11,1.0234038082826961e-08
359,24,11,1.0234038082826961e-08
360,23,11,1.4783181591078456e-08
360,23,11,1.4783181591078456e-08
361,22,11,1.8936428473229726e-08
361,22,11,1.8936428473229726e-08
362,21,11,1.659616455884782e-08
362,21,11,1.659616455884782e-08
363,20,11,1.5673157304610638e-08
363,20,11,1.5673157304610638e-08
364,19,11,1.664159172956388e-08
364,19,11,1.664159172956388e-08
365,18,11,1.7470519569858237e-08
365,18,11,1.7470519569858237e-08
366,17,11,1.9816728917969936e-08
366,17,11,1.9816728917969936e-08
367,16,11,1.852412092862528e-08
367,16,11,1.852412092862528e-08
368,15,11,1.314447336688585e-08
368,15,11,1.314447336688585e-08
369,14,11,1.1632210005053922e-08
369,14,11,1.1632210005053922e-08
370,13,11,6.363327949761254e-09
370,13,11,6.363327949761254e-09
371,12,11,1.8456057772761546e-08
371,12,11,1.8456057772761546e-08
372,11,11,1.2826947847853764e-08
372,11,11,1.2826947847853764e-08
373,10,11,1.0763833036764296e-09
373,10,11,1.0763833036764296e-09
374,9,11,5.031189397241258e-10
374,9,11,5.031189397241258e-10
375,8,11,1.5634619072240964e-09
375,8,11,1.5634619072240964e-09
376,7,11,9.899614150315281e-09
376,7,11,9.899614150315281e-09
377,6,11,6.822430211601382e-09
377,6,11,6.822430211601382e-09
378,5,11,2.622638760420543e-09
378,5,11,2.622638760420543e-09
379,4,11,9.440192979413704e-10
379,4,11,9.440192979413704e-10
380,3,11,2.0323165653599784e-11
380,3,11,2.0323165653599784e-11
381,2,11,9.85203587803823e-10
381,2,11,9.85203587803823e-10
382,1,11,9.674764379723689e-10
382,1,11,9.674764379723689e-10
383,0,11,8.091433688067695e-10
383,0,11,8.091433688067695e-10
384,0,12,1.3806695229796248e-09
384,0,12,1.3806695229796248e-09
385,1,12,9.223237777777272e-13
385,1,12,9.223237777777272e-13
386,2,12,1.0130722069633772e-09
386,2,12,1.0130722069633772e-09
387,3,12,1.055145498295621e-09
387,3,12,1.055145498295621e-09
388,4,12,3.7060689423111576e-09
388,4,12,3.7060689423111576e-09
389,5,12,1.921827734382894e-09
389,5,12,1.921827734382894e-09
390,6,12,2.0934399006848316e-09
390,6,12,2.0934399006848316e-09
391,7,12,1.372623429183257e-09
391,7,12,1.372623429183257e-09
392,8,12,8.712718579735593e-10
392,8,12,8.712718579735593e-10
393,9,12,9.45570936536549e-10
393,9,12,9.45570936536549e-10
394,10,12,2.2558099183760037e-10
394,10,12,2.2558099183760037e-10
395,11,12,1.548800907304788e-08
395,11,12,1.548800907304788e-08
396,12,12,1.3307165967781172e-08
396,12,12,1.3307165967781172e-08
397,13,12,1.888081393191426e-08
397,13,12,1.888081393191426e-08
398,14,12,1.953773411384404e-08
398,14,12,1.953773411384404e-08
399,15,12,1.5276817685188807e-08
399,15,12,1.5276817685188807e-08
400,16,12,1.6138322359386516e-08
400,16,12,1.6138322359386516e-08
401,17,12,1.968648965387512e-08
401,17,12,1.968648965387512e-08
402,18,12,1.971466506929748e-08
402,18,12,1.971466506929748e-08
403,19,12,1.8775336088657975e-08
403,19,12,1.8775336088657975e-08
404,20,12,1.8086749044041112e-08
404,20,12,1.8086749044041112e-08
405,21,12,2.1352275166281736e-08
405,21,12,2.1352275166281736e-08
406,22,12,1.9194563038326987e-08
406,22,12,1.9194563038326987e-08
407,23,12,2.3272785275876864e-08
407,23,12,2.3272785275876864e-08
408,24,12,1.5270122185984523e-08
408,24,12,1.5270122185984523e-08
409,25,12,1.956267921753245e-08
409,25,12,1.956267921753245e-08
410,26,12,2.2895914286233557e-10
410,26,12,2.2895914286233557e-10
411,27,12,3.402861575024573e-09
411,27,12,3.402861575024573e-09
412,28,12,1.093874606895018e-08
412,28,12,1.093874606895018e-08
413,29,12,1.5196658216515932e-08
413,29,12,1.5196658216515932e-08
414,30,12,1.944928079291301e-08
414,30,12,1.944928079291301e-08
415,31,12,1.5994016557339185e-08
415,31,12,1.5994016557339185e-08
416,31,13,1.7040111633189787e-08
416,31,13,1.7040111633189787e-08
417,30,13,1.5330657231670218e-08
417,30,13,1.5330657231670218e-08
418,29,13,1.5243302771175108e-08
418,29,13,1.5243302771175108e-08
419,28,13,2.4265517907246966e-11
419,28,13,2.4265517907246966e-11
420,27,13,2.1973375753416945e-10
420,27,13,2.1973375753416945e-10
421,26,13,1.5947177770791817e-08
421,26,13,1.5947177770791817e-08
422,25,13,1.4151063680349735e-08
422,25,13,1.4151063680349735e-08
423,24,13,2.0068916479979537e-08
423,24,13,2.0068916479979537e-08
424,23,13,1.864194012719826e-11
424,23,13,1.864194012719826e-11
425,22,13,4.89277137764858e-09
425,22,13,4.89277137764858e-09
426,21,13,1.6625432458636435e-08
426,21,13,1.6625432458636435e-08
427,20,13,1.174846532793322e-08
427,20,13,1.174846532793322e-08
428,19,13,1.810477841846616e-08
428,19,13,1.810477841846616e-08
429,18,13,1.4996162152932526e-08
429,18,13,1.4996162152932526e-08
430,17,13,1.6434408682645777e-08
430,17,13,1.6434408682645777e-08
431,16,13,1.4839079995569605e-08
431,16,13,1.4839079995569605e-08
432,15,13,2.0576015857573316e-08
432,15,13,2.0576015857573316e-08
433,14,13,1.545519034235451e-08
433,14,13,1.545519034235451e-08
434,13,13,1.5890749976683962e-08
434,13,13,1.5890749976683962e-08
435,12,13,2.3181575230483527e-08
435,12,13,2.3181575230483527e-08
436,11,13,2.151819254938551e-08
436,11,13,2.151819254938551e-08
437,10,13,1.2029693853594249e-08
437,10,13,1.2029693853594249e-08
438,9,13,4.296928325353073e-10
438,9,13,4.296928325353073e-10
439,8,13,1.082187766312037e-09
439,8,13,1.082187766312037e-09
440,7,13,1.4675052630973997e-09
440,7,13,1.4675052630973997e-09
441,6,13,1.1464647008673131e-08
441,6,13,1.1464647008673131e-08
442,5,13,1.2915845122415665e-08
442,5,13,1.2915845122415665e-08
443,4,13,1.0254110048933079e-08
443,4,13,1.0254110048933079e-08
444,3,13,2.2721776981037306e-09
444,3,13,2.2721776981037306e-09
445,2,13,-1.395995344134329e-11
445,2,13,-1.395995344134329e-11
446,1,13,5.458944320452833e-09
446,1,13,5.458944320452833e-09
447,0,13,3.4468267861169153e-09
447,0,13,3.4468267861169153e-09
448,0,14,9.96656647250117e-10
448,0,14,9.96656647250117e-10
449,1,14,1.8366644277470365e-10
449,1,14,1.8366644277470365e-10
450,2,14,3.814574821202219e-10
450,2,14,3.814574821202219e-10
451,3,14,3.6516458009880687e-09
451,3,14,3.6516458009880687e-09
452,4,14,8.057259899307e-09
452,4,14,8.057259899307e-09
453,5,14,2.4767029073890216e-09
453,5,14,2.4767029073890216e-09
454,6,14,5.5367919656973065e-09
454,6,14,5.5367919656973065e-09
455,7,14,6.011533268902296e-09
455,7,14,6.011533268902296e-09
456,8,14,1.946787439596955e-09
456,8,14,1.946787439596955e-09
457,9,14,1.068295561495553e-09
457,9,14,1.068295561495553e-09
458,10,14,1.8089933048567245e-08
458,10,14,1.8089933048567245e-08
459,11,14,1.725683851973289e-08
459,11,14,1.725683851973289e-08
460,12,14,1.8186511162639937e-08
460,12,14,1.8186511162639937e-08
461,13,14,1.543698226537629e-08
461,13,14,1.543698226537629e-08
462,14,14,1.466006423245153e-08
462,14,14,1.466006423245153e-08
463,15,14,2.3163125718240665e-08
463,15,14,2.3163125718240665e-08
464,16,14,1.3692414655683566e-08
464,16,14,1.3692414655683566e-08
465,17,14,1.4679944259616e-08
465,17,14,1.4679944259616e-08
466,18,14,2.0842920334436233e-08
466,18,14,2.0842920334436233e-08
467,19,14,1.3617465399936833e-08
467,19,14,1.3617465399936833e-08
468,20,14,1.6494474185694015e-08
468,20,14,1.6494474185694015e-08
469,21,14,2.54691927826019e-11
469,21,14,2.54691927826019e-11
470,22,14,2.253520284613129e-08
470,22,14,2.253520284613129e-08
471,23,14,4.487677995142349e-12
471,23,14,4.487677995142349e-12
472,24,14,3.7402618676737236e-11
472,24,14,3.7402618676737236e-11
473,25,14,1.7869255770320338e-08
473,25,14,1.7869255770320338e-08
474,26,14,8.209330503258846e-09
474,26,14,8.209330503258846e-09
475,27,14,-5.047204314988529e-13
475,27,14,-5.047204314988529e-13
476,28,14,1.144290741155784e-08
476,28,14,1.144290741155784e-08
477,29,14,2.1370161634414337e-08
477,29,14,2.1370161634414337e-08
478,30,14,1.4909274892561437e-08
478,30,14,1.4909274892561437e-08
479,31,14,1.720887131757207e-08
479,31,14,1.720887131757207e-08
480,31,15,1.9329326900293345e-08
480,31,15,1.9329326900293345e-08
481,30,15,1.9088714281717055e-08
481,30,15,1.9088714281717055e-08
482,29,15,1.0444985948965167e-11
482,29,15,1.0444985948965167e-11
483,28,15,1.45898030355266e-11
483,28,15,1.45898030355266e-11
484,27,15,6.03716715148275e-11
484,27,15,6.03716715148275e-11
485,26,15,8.424484619465362e-12
485,26,15,8.424484619465362e-12
486,25,15,1.0542009415342489e-08
486,25,15,1.0542009415342489e-08
487,24,15,1.592436254895665e-08
487,24,15,1.592436254895665e-08
488,23,15,6.738396988746573e-11
488,23,15,6.738396988746573e-11
489,22,15,1.5576622510936838e-11
489,22,15,1.5576622510936838e-11
490,21,15,3.2115297131865625e-11
490,21,15,3.2115297131865625e-11
491,20,15,1.6403597718713186e-11
491,20,15,1.6403597718713186e-11
492,19,15,-8.699274480226129e-13
492,19,15,-8.699274480226129e-13
493,18,15,8.321948590753514e-09
493,18,15,8.321948590753514e-09
494,17,15,1.4796822818638483e-08
494,17,15,1.4796822818638483e-08
495,16,15,1.679072124689679e-08
495,16,15,1.679072124689679e-08
496,15,15,1.4533356948686539e-08
496,15,15,1.4533356948686539e-08
497,14,15,1.2126222883806602e-08
497,14,15,1.2126222883806602e-08
498,13,15,1.9195678585154618e-08
498,13,15,1.9195678585154618e-08
499,12,15,1.5301774362329137e-08
499,12,15,1.5301774362329137e-08
500,11,15,1.632909610337594e-08
500,11,15,1.632909610337594e-08
501,10,15,2.224695395023529e-08
501,10,15,2.224695395023529e-08
502,9,15,7.625337033458945e-10
502,9,15,7.625337033458945e-10
503,8,15,3.764339480950243e-10
503,8,15,3.764339480950243e-10
504,7,15,1.1197983285712217e-09
504,7,15,1.1197983285712217e-09
505,6,15,5.740059741097332e-09
505,6,15,5.740059741097332e-09
506,5,15,6.151346377879962e-09
506,5,15,6.151346377879962e-09
507,4,15,7.844995972095814e-09
507,4,15,7.844995972095814e-09
508,3,15,2.834776357454574e-09
508,3,15,2.834776357454574e-09
509,2,15,3.32237118036739e-09
509,2,15,3.32237118036739e-09
510,1,15,1.4009450955943313e-09
510,1,15,1.4009450955943313e-09
511,0,15,9.129205481482685e-10
511,0,15,9.129205481482685e-10
512,0,16,9.108371985765364e-10
512,0,16,9.108371985765364e-10
513,1,16,2.6548442006180243e-09
513,1,16,2.6548442006180243e-09
514,2,16,8.810403404674113e-09
514,2,16,8.810403404674113e-09
515,3,16,7.533620649302289e-09
515,3,16,7.533620649302289e-09
516,4,16,7.916533560824893e-09
516,4,16,7.916533560824893e-09
517,5,16,7.037551851720635e-09
517,5,16,7.037551851720635e-09
518,6,16,7.196185338950704e-09
518,6,16,7.196185338950704e-09
519,7,16,9.629702849237471e-10
519,7,16,9.629702849237471e-10
520,8,16,8.830406142650159e-10
520,8,16,8.830406142650159e-10
521,9,16,1.2101976611031453e-08
521,9,16,1.2101976611031453e-08
522,10,16,1.2078956207637026e-08
522,10,16,1.2078956207637026e-08
523,11,16,1.6315226920921203e-08
523,11,16,1.6315226920921203e-08
524,12,16,1.5567440613219724e-08
524,12,16,1.5567440613219724e-08
525,13,16,2.134286682065882e-08
525,13,16,2.134286682065882e-08
526,14,16,1.1609548077760282e-08
526,14,16,1.1609548077760282e-08
527,15,16,1.8278410968506106e-08
527,15,16,1.8278410968506106e-08
528,16,16,1.9287073640953662e-08
528,16,16,1.9287073640953662e-08
529,17,16,1.9328389750517207e-08
529,17,16,1.9328389750517207e-08
530,18,16,6.220905754619266e-09
530,18,16,6.220905754619266e-09
531,19,16,7.116016328296743e-09
531,19,16,7.116016328296743e-09
532,20,16,7.752979092905368e-09
532,20,16,7.752979092905368e-09
533,21,16,1.5163742778667436e-08
533,21,16,1.5163742778667436e-08
534,22,16,1.9232895380431515e-08
534,22,16,1.9232895380431515e-08
535,23,16,6.7462616666551356e-09
535,23,16,6.7462616666551356e-09
536,24,16,1.2977529899265404e-08
536,24,16,1.2977529899265404e-08
537,25,16,-1.031082680197987e-11
537,25,16,-1.031082680197987e-11
538,26,16,2.6314731114955366e-11
538,26,16,2.6314731114955366e-11
539,27,16,5.865271985748724e-12
539,27,16,5.865271985748724e-12
540,28,16,2.4659524576108947e-10
540,28,16,2.4659524576108947e-10
541,29,16,7.208163453588754e-12
541,29,16,7.208163453588754e-12
542,30,16,1.5115824806181406e-11
542,30,16,1.5115824806181406e-11
543,31,16,1.4039541802376898e-08
543,31,16,1.4039541802376898e-08
544,31,17,1.6880776438042548e-08
544,31,17,1.6880776438042548e-08
545,30,17,5.354274089716729e-09
545,30,17,5.354274089716729e-09
546,29,17,2.849901702808936e-10
546,29,17,2.849901702808936e-10
547,28,17,7.80054315458669e-12
547,28,17,7.80054315458669e-12
548,27,17,-5.544428124195958e-12
548,27,17,-5.544428124195958e-12
549,26,17,7.03377550892531e-09
549,26,17,7.03377550892531e-09
550,25,17,2.098962865820366e-08
550,25,17,2.098962865820366e-08
551,24,17,1.5512221784867513e-08
551,24,17,1.5512221784867513e-08
552,23,17,2.3150323480181534e-08
552,23,17,2.3150323480181534e-08
553,22,17,1.7885837225524322e-08
553,22,17,1.7885837225524322e-08
554,21,17,9.720419984468498e-12
554,21,17,9.720419984468498e-12
555,20,17,1.6714544585186954e-10
555,20,17,1.6714544585186954e-10
556,19,17,2.3369035091330702e-11
556,19,17,2.3369035091330702e-11
557,18,17,2.5858009294612404e-11
557,18,17,2.5858009294612404e-11
558,17,17,9.769020366854806e-09
558,17,17,9.769020366854806e-09
559,16,17,1.856322921586401e-08
559,16,17,1.856322921586401e-08
560,15,17,1.700351692953137e-08
560,15,17,1.700351692953137e-08
561,14,17,1.6244700978473612e-08
561,14,17,1.6244700978473612e-08
562,13,17,1.8964714813805062e-08
562,13,17,1.8964714813805062e-08
563,12,17,1.6402913039051402e-08
563,12,17,1.6402913039051402e-08
564,11,17,1.3561756210528389e-08
564,11,17,1.3561756210528389e-08
565,10,17,1.3727086699102708e-08
565,10,17,1.3727086699102708e-08
566,9,17,1.7878815307136292e-08
566,9,17,1.7878815307136292e-08
567,8,17,7.01295171274018e-10
567,8,17,7.01295171274018e-10
568,7,17,8.120699573528788e-10
568,7,17,8.120699573528788e-10
569,6,17,3.901687634823992e-09
569,6,17,3.901687634823992e-09
570,5,17,6.38910060304845e-09
570,5,17,6.38910060304845e-09
571,4,17,7.954282673705333e-09
571,4,17,7.954282673705333e-09
572,3,17,5.431829383329839e-09
572,3,17,5.431829383329839e-09
573,2,17,8.32166640008805e-09
573,2,17,8.32166640008805e-09
574,1,17,9.567421946182319e-09
574,1,17,9.567421946182319e-09
575,0,17,1.099305624364893e-10
575,0,17,1.099305624364893e-10
576,0,18,7.457858991118407e-09
576,0,18,7.457858991118407e-09
577,1,18,7.71048965993911e-09
577,1,18,7.71048965993911e-09
578,2,18,6.646463956753724e-09
578,2,18,6.646463956753724e-09
579,3,18,6.987303925046758e-09
579,3,18,6.987303925046758e-09
580,4,18,6.571369594234696e-09
580,4,18,6.571369594234696e-09
581,5,18,6.5958028065710475e-09
581,5,18,6.5958028065710475e-09
582,6,18,1.5785464004943097e-09
582,6,18,1.5785464004943097e-09
583,7,18,9.636408957263822e-10
583,7,18,9.636408957263822e-10
584,8,18,9.304081101556224e-10
584,8,18,9.304081101556224e-10
585,9,18,1.7854050078380463e-08
585,9,18,1.7854050078380463e-08
586,10,18,1.7404946736762934e-08
586,10,18,1.7404946736762934e-08
587,11,18,2.0663372681287976e-08
587,11,18,2.0663372681287976e-08
588,12,18,1.7086531810796347e-08
588,12,18,1.7086531810796347e-08
589,13,18,1.2203628810748892e-08
589,13,18,1.2203628810748892e-08
590,14,18,1.7964840509925988e-08
590,14,18,1.7964840509925988e-08
591,15,18,2.0257804684718977e-08
591,15,18,2.0257804684718977e-08
592,16,18,1.8963978576250612e-08
592,16,18,1.8963978576250612e-08
593,17,18,5.988323202033988e-10
593,17,18,5.988323202033988e-10
594,18,18,4.210643766174718e-12
594,18,18,4.210643766174718e-12
595,19,18,2.409494582211958e-11
595,19,18,2.409494582211958e-11
596,20,18,1.9567379080566496e-11
596,20,18,1.9567379080566496e-11
597,21,18,3.2017229205128985e-11
597,21,18,3.2017229205128985e-11
598,22,18,-2.883228934436285e-12
598,22,18,-2.883228934436285e-12
599,23,18,2.304658194698728e-08
599,23,18,2.304658194698728e-08
600,24,18,1.912730728798171e-08
600,24,18,1.912730728798171e-08
601,25,18,1.642817386373193e-08
601,25,18,1.642817386373193e-08
602,26,18,2.304830408840438e-08
602,26,18,2.304830408840438e-08
603,27,18,2.0420188963645714e-10
603,27,18,2.0420188963645714e-10
604,28,18,8.28515176808355e-12
604,28,18,8.28515176808355e-12
605,29,18,-4.77635908693444e-12
605,29,18,-4.77635908693444e-12
606,30,18,2.0080254438758157e-11
606,30,18,2.0080254438758157e-11
607,31,18,1.8808891317186358e-11
607,31,18,1.8808891317186358e-11
608,31,19,1.1067013506462211e-11
608,31,19,1.1067013506462211e-11
609,30,19,7.26613032832962e-11
609,30,19,7.26613032832962e-11
610,29,19,1.3127255372535977e-10
610,29,19,1.3127255372535977e-10
611,28,19,9.548721839695341e-11
611,28,19,9.548721839695341e-11
612,27,19,8.27510793265296e-12
612,27,19,8.27510793265296e-12
613,26,19,4.284298203607162e-09
613,26,19,4.284298203607162e-09
614,25,19,1.552546743693326e-08
614,25,19,1.552546743693326e-08
615,24,19,1.327781492332636e-08
615,24,19,1.327781492332636e-08
616,23,19,1.5185682740013387e-08
616,23,19,1.5185682740013387e-08
617,22,19,2.0744120299478903e-11
617,22,19,2.0744120299478903e-11
618,21,19,-1.0337204791134048e-11
618,21,19,-1.0337204791134048e-11
619,20,19,1.5784362719360922e-11
619,20,19,1.5784362719360922e-11
620,19,19,1.4433397340046398e-10
620,19,19,1.4433397340046398e-10
621,18,19,1.7261946957715115e-12
621,18,19,1.7261946957715115e-12
622,17,19,1.2051209841259065e-11
622,17,19,1.2051209841259065e-11
623,16,19,1.3867425993550325e-08
623,16,19,1.3867425993550325e-08
624,15,19,1.4357356307379732e-08
624,15,19,1.4357356307379732e-08
625,14,19,1.7205707050565502e-08
625,14,19,1.7205707050565502e-08
626,13,19,1.3579186397490165e-08
626,13,19,1.3579186397490165e-08
627,12,19,1.4696214937878232e-08
627,12,19,1.4696214937878232e-08
628,11,19,2.0157711418290877e-08
628,11,19,2.0157711418290877e-08
629,10,19,1.40403644451467e-08
629,10,19,1.40403644451467e-08
630,9,19,2.0367791549441074e-08
630,9,19,2.0367791549441074e-08
631,8,19,7.473878350480855e-10
631,8,19,7.473878350480855e-10
632,7,19,9.478274295234385e-10
632,7,19,9.478274295234385e-10
633,6,19,2.22540782444295e-09
633,6,19,2.22540782444295e-09
634,5,19,9.141283299347708e-09
634,5,19,9.141283299347708e-09
635,4,19,4.8572039092335266e-09
635,4,19,4.8572039092335266e-09
636,3,19,8.44085202240796e-09
636,3,19,8.44085202240796e-09
637,2,19,6.757556102075912e-09
637,2,19,6.757556102075912e-09
638,1,19,6.388611291003043e-09
638,1,19,6.388611291003043e-09
639,0,19,8.236504573823073e-10
639,0,19,8.236504573823073e-10
640,0,20,1.087656395353921e-09
640,0,20,1.087656395353921e-09
641,1,20,8.133012802030272e-09
641,1,20,8.133012802030272e-09
642,2,20,8.516544630582654e-09
642,2,20,8.516544630582654e-09
643,3,20,6.346088068650703e-09
643,3,20,6.346088068650703e-09
644,4,20,4.370112163756298e-09
644,4,20,4.370112163756298e-09
645,5,20,2.064064134886774e-09
645,5,20,2.064064134886774e-09
646,6,20,8.535325089120956e-10
646,6,20,8.535325089120956e-10
647,7,20,7.816608950543246e-10
647,7,20,7.816608950543246e-10
648,8,20,1.89947890724209e-08
648,8,20,1.89947890724209e-08
649,9,20,1.2478641862787333e-08
649,9,20,1.2478641862787333e-08
650,10,20,1.892362301413898e-08
650,10,20,1.892362301413898e-08
651,11,20,1.8345551283896886e-08
651,11,20,1.8345551283896886e-08
652,12,20,1.302219408566636e-08
652,12,20,1.302219408566636e-08
653,13,20,1.3870533521854238e-08
653,13,20,1.3870533521854238e-08
654,14,20,1.6473893533313108e-08
654,14,20,1.6473893533313108e-08
655,15,20,1.901602566954362e-08
655,15,20,1.901602566954362e-08
656,16,20,1.6652649073330207e-08
656,16,20,1.6652649073330207e-08
657,17,20,2.8475912851239943e-11
657,17,20,2.8475912851239943e-11
658,18,20,4.7407321724578104e-11
658,18,20,4.7407321724578104e-11
659,19,20,-3.409684397224631e-12
659,19,20,-3.409684397224631e-12
660,20,20,6.249767982494144e-12
660,20,20,6.249767982494144e-12
661,21,20,-5.02539656933677e-12
661,21,20,-5.02539656933677e-12
662,22,20,-1.6584380762820614e-11
662,22,20,-1.6584380762820614e-11
663,23,20,3.299148210592272e-11
663,23,20,3.299148210592272e-11
664,24,20,1.2518360718898543e-11
664,24,20,1.2518360718898543e-11
665,25,20,-7.943817646043258e-12
665,25,20,-7.943817646043258e-12
666,26,20,1.2734562495285384e-10
666,26,20,1.2734562495285384e-10
667,27,20,6.1219551655399145e-09
667,27,20,6.1219551655399145e-09
668,28,20,1.131715368469063e-08
668,28,20,1.131715368469063e-08
669,29,20,2.2710734162042576e-09
669,29,20,2.2710734162042576e-09
670,30,20,2.87679772173915e-11
670,30,20,2.87679772173915e-11
671,31,20,1.049414870274186e-11
671,31,20,1.049414870274186e-11
672,31,21,2.167000708186627e-12
672,31,21,2.167000708186627e-12
673,30,21,2.2438790961135445e-11
673,30,21,2.2438790961135445e-11
674,29,21,1.58256061212579e-12
674,29,21,1.58256061212579e-12
675,28,21,1.5898226994790063e-11
675,28,21,1.5898226994790063e-11
676,27,21,-1.4364994535151751e-11
676,27,21,-1.4364994535151751e-11
677,26,21,1.7277190144551735e-12
677,26,21,1.7277190144551735e-12
678,25,21,8.199287500461994e-12
678,25,21,8.199287500461994e-12
679,24,21,-1.1710275982647801e-11
679,24,21,-1.1710275982647801e-11
680,23,21,2.341504443814218e-11
680,23,21,2.341504443814218e-11
681,22,21,-1.362190008789264e-10
681,22,21,-1.362190008789264e-10
682,21,21,2.3478439940923675e-10
682,21,21,2.3478439940923675e-10
683,20,21,5.73965484488411e-11
683,20,21,5.73965484488411e-11
684,19,21,1.9070186641005892e-11
684,19,21,1.9070186641005892e-11
685,18,21,3.1049255669627006e-11
685,18,21,3.1049255669627006e-11
686,17,21,7.493268239792007e-09
686,17,21,7.493268239792007e-09
687,16,21,2.0250673752630833e-08
687,16,21,2.0250673752630833e-08
688,15,21,2.304573695480099e-08
688,15,21,2.304573695480099e-08
689,14,21,1.7056979910889522e-08
689,14,21,1.7056979910889522e-08
690,13,21,1.3127583441487124e-08
690,13,21,1.3127583441487124e-08
691,12,21,1.3174770634492126e-08
691,12,21,1.3174770634492126e-08
692,11,21,1.2251040802122438e-08
692,11,21,1.2251040802122438e-08
693,10,21,1.318291542923028e-08
693,10,21,1.318291542923028e-08
694,9,21,2.1124208339047117e-08
694,9,21,2.1124208339047117e-08
695,8,21,1.8864157587593978e-08
695,8,21,1.8864157587593978e-08
696,7,21,1.4042328239115525e-08
696,7,21,1.4042328239115525e-08
697,6,21,1.4551425206928093e-09
697,6,21,1.4551425206928093e-09
698,5,21,7.654812853253925e-10
698,5,21,7.654812853253925e-10
699,4,21,2.589838047705309e-09
699,4,21,2.589838047705309e-09
700,3,21,1.4159577896131616e-09
700,3,21,1.4159577896131616e-09
701,2,21,4.744559712629536e-09
701,2,21,4.744559712629536e-09
702,1,21,1.1483793140488824e-08
702,1,21,1.1483793140488824e-08
703,0,21,4.97177537881725e-09
703,0,21,4.97177537881725e-09
704,0,22,2.6182545130267603e-09
704,0,22,2.6182545130267603e-09
705,1,22,5.025919034758727e-09
705,1,22,5.025919034758727e-09
706,2,22,8.812143286226056e-09
706,2,22,8.812143286226056e-09
707,3,22,4.663870529743322e-09
707,3,22,4.663870529743322e-09
708,4,22,1.8636358365399085e-09
708,4,22,1.8636358365399085e-09
709,5,22,1.1830151549894133e-09
709,5,22,1.1830151549894133e-09
710,6,22,3.5945964018339956e-10
710,6,22,3.5945964018339956e-10
711,7,22,1.508421608893229e-08
711,7,22,1.508421608893229e-08
712,8,22,1.3627948794161867e-08
712,8,22,1.3627948794161867e-08
713,9,22,2.0504928488238355e-08
713,9,22,2.0504928488238355e-08
714,10,22,-4.407691446672278e-09
714,10,22,-4.407691446672278e-09
715,11,22,1.9566388536000844e-08
715,11,22,1.9566388536000844e-08
716,12,22,2.3002602509615182e-08
716,12,22,2.3002602509615182e-08
717,13,22,1.9561275484481803e-08
717,13,22,1.9561275484481803e-08
718,14,22,2.281223767156651e-08
718,14,22,2.281223767156651e-08
719,15,22,2.2870608987789634e-08
719,15,22,2.2870608987789634e-08
720,16,22,1.9752499479074404e-08
720,16,22,1.9752499479074404e-08
721,17,22,1.8273361886060388e-08
721,17,22,1.8273361886060388e-08
722,18,22,2.0501550004146586e-08
722,18,22,2.0501550004146586e-08
723,19,22,1.3794435827106549e-08
723,19,22,1.3794435827106549e-08
724,20,22,2.257157589274454e-11
724,20,22,2.257157589274454e-11
725,21,22,2.0326595265876013e-11
725,21,22,2.0326595265876013e-11
726,22,22,2.0451005687895078e-11
726,22,22,2.0451005687895078e-11
727,23,22,1.3524665088929949e-11
727,23,22,1.3524665088929949e-11
728,24,22,2.9916380833625425e-11
728,24,22,2.9916380833625425e-11
729,25,22,2.3328271321165128e-11
729,25,22,2.3328271321165128e-11
730,26,22,1.1207200643231301e-11
730,26,22,1.1207200643231301e-11
731,27,22,1.9595993674074828e-11
731,27,22,1.9595993674074828e-11
732,28,22,7.57182061302815e-13
732,28,22,7.57182061302815e-13
733,29,22,7.929656809265484e-12
733,29,22,7.929656809265484e-12
734,30,22,7.994293028606972e-11
734,30,22,7.994293028606972e-11
735,31,22,5.985274585901681e-11
735,31,22,5.985274585901681e-11
736,31,23,1.0084785362996203e-10
736,31,23,1.0084785362996203e-10
737,30,23,2.792684720951993e-10
737,30,23,2.792684720951993e-10
738,29,23,2.0589465530668027e-11
738,29,23,2.0589465530668027e-11
739,28,23,1.3137976323595266e-11
739,28,23,1.3137976323595266e-11
740,27,23,2.088177380427463e-11
740,27,23,2.088177380427463e-11
741,26,23,3.491732433165843e-12
741,26,23,3.491732433165843e-12
742,25,23,1.175958705636844e-10
742,25,23,1.175958705636844e-10
743,24,23,1.1109797665311997e-11
743,24,23,1.1109797665311997e-11
744,23,23,1.903228095004248e-11
744,23,23,1.903228095004248e-11
745,22,23,2.1113243056458524e-11
745,22,23,2.1113243056458524e-11
746,21,23,1.4083686327215546e-10
746,21,23,1.4083686327215546e-10
747,20,23,2.184525745681281e-08
747,20,23,2.184525745681281e-08
748,19,23,1.7363757670745828e-08
748,19,23,1.7363757670745828e-08
749,18,23,1.4259087511694994e-08
749,18,23,1.4259087511694994e-08
750,17,23,2.082828000905624e-08
750,17,23,2.082828000905624e-08
751,16,23,1.84514904961295e-08
751,16,23,1.84514904961295e-08
752,15,23,1.9746842973489038e-08
752,15,23,1.9746842973489038e-08
753,14,23,2.208857654248217e-08
753,14,23,2.208857654248217e-08
754,13,23,1.474130504494965e-08
754,13,23,1.474130504494965e-08
755,12,23,1.5700479678830745e-08
755,12,23,1.5700479678830745e-08
756,11,23,7.545553298303398e-09
756,11,23,7.545553298303398e-09
757,10,23,2.0471169673462707e-08
757,10,23,2.0471169673462707e-08
758,9,23,2.1646428266428362e-08
758,9,23,2.1646428266428362e-08
759,8,23,2.1655037038136685e-08
759,8,23,2.1655037038136685e-08
760,7,23,1.582582749458121e-08
760,7,23,1.582582749458121e-08
761,6,23,1.809880475682244e-08
761,6,23,1.809880475682244e-08
762,5,23,6.971519591854577e-10
762,5,23,6.971519591854577e-10
763,4,23,7.693505374469025e-10
763,4,23,7.693505374469025e-10
764,3,23,1.6637162801836143e-09
764,3,23,1.6637162801836143e-09
765,2,23,1.0389904910117403e-08
765,2,23,1.0389904910117403e-08
766,1,23,2.5908238873330805e-09
766,1,23,2.5908238873330805e-09
767,0,23,2.957446529490466e-09
767,0,23,2.957446529490466e-09
768,0,24,2.9396107308066348e-09
768,0,24,2.9396107308066348e-09
769,1,24,4.112790061039897e-09
769,1,24,4.112790061039897e-09
770,2,24,1.0042163883173089e-08
770,2,24,1.0042163883173089e-08
771,3,24,2.8903621998560088e-09
771,3,24,2.8903621998560088e-09
772,4,24,1.095660568869322e-09
772,4,24,1.095660568869322e-09
773,5,24,6.8966764505294526e-09
773,5,24,6.8966764505294526e-09
774,6,24,1.706204675972962e-08
774,6,24,1.706204675972962e-08
775,7,24,1.4853813896201605e-08
775,7,24,1.4853813896201605e-08
776,8,24,1.929333719175628e-08
776,8,24,1.929333719175628e-08
777,9,24,1.9431369565678575e-08
777,9,24,1.9431369565678575e-08
778,10,24,2.2906567069601682e-08
778,10,24,2.2906567069601682e-08
779,11,24,2.266702405283053e-08
779,11,24,2.266702405283053e-08
780,12,24,2.0200215594033098e-08
780,12,24,2.0200215594033098e-08
781,13,24,1.7164994932085802e-08
781,13,24,1.7164994932085802e-08
782,14,24,1.3230948169385205e-08
782,14,24,1.3230948169385205e-08
783,15,24,2.2923701947193807e-08
783,15,24,2.2923701947193807e-08
784,16,24,2.2923855558143107e-08
784,16,24,2.2923855558143107e-08
785,17,24,1.7538902966091168e-08
785,17,24,1.7538902966091168e-08
786,18,24,1.8050230724646874e-08
786,18,24,1.8050230724646874e-08
787,19,24,1.767240833140226e-08
787,19,24,1.767240833140226e-08
788,20,24,1.9339310670467333e-08
788,20,24,1.9339310670467333e-08
789,21,24,2.303447417397332e-08
789,21,24,2.303447417397332e-08
790,22,24,1.6904651602246463e-08
790,22,24,1.6904651602246463e-08
791,23,24,2.009567416768015e-08
791,23,24,2.009567416768015e-08
792,24,24,1.503097471684849e-08
792,24,24,1.503097471684849e-08
793,25,24,1.722577018321121e-08
793,25,24,1.722577018321121e-08
794,26,24,2.102115095654579e-08
794,26,24,2.102115095654579e-08
795,27,24,1.9455262463032842e-08
795,27,24,1.9455262463032842e-08
796,28,24,1.4527643335018297e-11
796,28,24,1.4527643335018297e-11
797,29,24,-1.7228503156131914e-12
797,29,24,-1.7228503156131914e-12
798,30,24,9.783167870163405e-11
798,30,24,9.783167870163405e-11
799,31,24,2.1220872099341203e-08
799,31,24,2.1220872099341203e-08
800,31,25,1.835046517278997e-08
800,31,25,1.835046517278997e-08
801,30,25,2.070182273043829e-08
801,30,25,2.070182273043829e-08
802,29,25,9.125117769340516e-12
802,29,25,9.125117769340516e-12
803,28,25,1.9858133721645304e-08
803,28,25,1.9858133721645304e-08
804,27,25,1.093871570640553e-08
804,27,25,1.093871570640553e-08
805,26,25,1.827260215961868e-08
805,26,25,1.827260215961868e-08
806,25,25,1.641414078434692e-08
806,25,25,1.641414078434692e-08
807,24,25,1.8684757440754067e-08
807,24,25,1.8684757440754067e-08
808,23,25,2.038827968697515e-08
808,23,25,2.038827968697515e-08
809,22,25,2.146936459500391e-08
809,22,25,2.146936459500391e-08
810,21,25,2.0990189678633767e-08
810,21,25,2.0990189678633767e-08
811,20,25,1.6359231431675153e-08
811,20,25,1.6359231431675153e-08
812,19,25,1.8679539876929208e-08
812,19,25,1.8679539876929208e-08
813,18,25,1.912021083751024e-08
813,18,25,1.912021083751024e-08
814,17,25,1.9285897535126887e-08
814,17,25,1.9285897535126887e-08
815,16,25,1.8641702713803105e-08
815,16,25,1.8641702713803105e-08
816,15,25,2.022214611937736e-08
816,15,25,2.022214611937736e-08
817,14,25,1.9458714769525254e-08
817,14,25,1.9458714769525254e-08
818,13,25,2.141736152350506e-08
818,13,25,2.141736152350506e-08
819,12,25,2.05279474872089e-08
819,12,25,2.05279474872089e-08
820,11,25,1.869641303784434e-08
820,11,25,1.869641303784434e-08
821,10,25,1.733465064033408e-08
821,10,25,1.733465064033408e-08
822,9,25,1.559810848088846e-08
822,9,25,1.559810848088846e-08
823,8,25,1.5905084787309726e-08
823,8,25,1.5905084787309726e-08
824,7,25,1.8477896852341308e-08
824,7,25,1.8477896852341308e-08
825,6,25,1.2378045037677486e-08
825,6,25,1.2378045037677486e-08
826,5,25,1.553370793142063e-08
826,5,25,1.553370793142063e-08
827,4,25,6.412116870404127e-10
827,4,25,6.412116870404127e-10
828,3,25,9.189338849098221e-10
828,3,25,9.189338849098221e-10
829,2,25,6.506660034281053e-09
829,2,25,6.506660034281053e-09
830,1,25,4.432124854433894e-09
830,1,25,4.432124854433894e-09
831,0,25,3.7735339912371645e-09
831,0,25,3.7735339912371645e-09
832,0,26,9.31132886610744e-09
832,0,26,9.31132886610744e-09
833,1,26,9.79359914478957e-09
833,1,26,9.79359914478957e-09
834,2,26,1.412375018287243e-09
834,2,26,1.412375018287243e-09
835,3,26,8.191423864929823e-10
835,3,26,8.191423864929823e-10
836,4,26,1.4416071299462577e-08
836,4,26,1.4416071299462577e-08
837,5,26,1.979954810215643e-08
837,5,26,1.979954810215643e-08
838,6,26,2.0195181351257348e-08
838,6,26,2.0195181351257348e-08
839,7,26,1.6741610650166397e-08
839,7,26,1.6741610650166397e-08
840,8,26,1.997485675243073e-08
840,8,26,1.997485675243073e-08
841,9,26,1.746844766615326e-08
841,9,26,1.746844766615326e-08
842,10,26,1.865315277001343e-08
842,10,26,1.865315277001343e-08
843,11,26,1.8145198081707503e-08
843,11,26,1.8145198081707503e-08
844,12,26,2.2960472710720504e-08
844,12,26,2.2960472710720504e-08
845,13,26,1.8026135108087875e-08
845,13,26,1.8026135108087875e-08
846,14,26,2.2391467614810247e-08
846,14,26,2.2391467614810247e-08
847,15,26,2.0815680203142492e-08
847,15,26,2.0815680203142492e-08
848,16,26,2.2966145118257243e-08
848,16,26,2.2966145118257243e-08
849,17,26,1.779629220713076e-08
849,17,26,1.779629220713076e-08
850,18,26,1.6780950896422e-08
850,18,26,1.6780950896422e-08
851,19,26,1.9162432058339654e-08
851,19,26,1.9162432058339654e-08
852,20,26,1.761928733006606e-08
852,20,26,1.761928733006606e-08
853,21,26,1.9896917270701578e-08
853,21,26,1.9896917270701578e-08
854,22,26,1.7519294059514868e-08
854,22,26,1.7519294059514868e-08
855,23,26,1.9217484811398564e-08
855,23,26,1.9217484811398564e-08
856,24,26,1.6623757968440955e-08
856,24,26,1.6623757968440955e-08
857,25,26,1.7620513651000237e-08
857,25,26,1.7620513651000237e-08
858,26,26,2.2857772287220983e-08
858,26,26,2.2857772287220983e-08
859,27,26,1.9973566886695455e-08
859,27,26,1.9973566886695455e-08
860,28,26,2.167990810311949e-08
860,28,26,2.167990810311949e-08
861,29,26,2.196589533290646e-08
861,29,26,2.196589533290646e-08
862,30,26,1.636377569613351e-08
862,30,26,1.636377569613351e-08
863,31,26,1.3998065179322534e-08
863,31,26,1.3998065179322534e-08
864,31,27,1.6502522008262898e-08
864,31,27,1.6502522008262898e-08
865,30,27,2.2869854824596863e-08
865,30,27,2.2869854824596863e-08
866,29,27,2.187747860242849e-08
866,29,27,2.187747860242849e-08
867,28,27,1.936055694310638e-08
867,28,27,1.936055694310638e-08
868,27,27,2.28232812707496e-08
868,27,27,2.28232812707496e-08
869,26,27,2.1646860900268694e-08
869,26,27,2.1646860900268694e-08
870,25,27,1.806840339139245e-08
870,25,27,1.806840339139245e-08
871,24,27,2.1262465090207207e-08
871,24,27,2.1262465090207207e-08
872,23,27,2.2556712774412136e-08
872,23,27,2.2556712774412136e-08
873,22,27,1.3321811216297315e-08
873,22,27,1.3321811216297315e-08
874,21,27,1.8483927118555643e-08
874,21,27,1.8483927118555643e-08
875,20,27,2.0046652340338238e-08
875,20,27,2.0046652340338238e-08
876,19,27,1.9297548787186933e-08
876,19,27,1.9297548787186933e-08
877,18,27,1.6370900923851407e-08
877,18,27,1.6370900923851407e-08
878,17,27,2.291759922630157e-08
878,17,27,2.291759922630157e-08
879,16,27,2.2971513172389994e-08
879,16,27,2.2971513172389994e-08
880,15,27,1.8587554822127463e-08
880,15,27,1.8587554822127463e-08
881,14,27,1.579054984447535e-08
881,14,27,1.579054984447535e-08
882,13,27,1.7005382719888794e-08
882,13,27,1.7005382719888794e-08
883,12,27,2.1861137430905503e-08
883,12,27,2.1861137430905503e-08
884,11,27,1.6970295589227637e-08
884,11,27,1.6970295589227637e-08
885,10,27,1.6317275771645322e-08
885,10,27,1.6317275771645322e-08
886,9,27,1.549453598134783e-08
886,9,27,1.549453598134783e-08
887,8,27,1.779376761889348e-08
887,8,27,1.779376761889348e-08
888,7,27,1.5554383679076327e-08
888,7,27,1.5554383679076327e-08
889,6,27,1.995779071061852e-08
889,6,27,1.995779071061852e-08
890,5,27,1.5351173971162067e-08
890,5,27,1.5351173971162067e-08
891,4,27,1.5099612044490927e-08
891,4,27,1.5099612044490927e-08
892,3,27,4.333607731487153e-10
892,3,27,4.333607731487153e-10
893,2,27,1.5204971781523992e-09
893,2,27,1.5204971781523992e-09
894,1,27,9.826921874767204e-09
894,1,27,9.826921874767204e-09
895,0,27,1.1514202799647798e-08
895,0,27,1.1514202799647798e-08
896,0,28,1.1021773621731598e-08
896,0,28,1.1021773621731598e-08
897,1,28,8.932078245025034e-09
897,1,28,8.932078245025034e-09
898,2,28,1.309329344993713e-09
898,2,28,1.309329344993713e-09
899,3,28,1.3166710817903158e-09
899,3,28,1.3166710817903158e-09
900,4,28,2.294070926464848e-08
900,4,28,2.294070926464848e-08
901,5,28,2.044203190194264e-08
901,5,28,2.044203190194264e-08
902,6,28,2.2888391380973584e-08
902,6,28,2.2888391380973584e-08
903,7,28,2.1716710714013175e-08
903,7,28,2.1716710714013175e-08
904,8,28,2.284855470763903e-08
904,8,28,2.284855470763903e-08
905,9,28,2.222942975910711e-08
905,9,28,2.222942975910711e-08
906,10,28,1.7216953102461618e-08
906,10,28,1.7216953102461618e-08
907,11,28,1.7059665186444476e-08
907,11,28,1.7059665186444476e-08
908,12,28,1.7030241875326298e-08
908,12,28,1.7030241875326298e-08
909,13,28,1.7538295190092563e-08
909,13,28,1.7538295190092563e-08
910,14,28,2.232330087739845e-08
910,14,28,2.232330087739845e-08
911,15,28,2.2050977583951045e-08
911,15,28,2.2050977583951045e-08
912,16,28,1.7536652780488085e-08
912,16,28,1.7536652780488085e-08
913,17,28,1.551311765466333e-08
913,17,28,1.551311765466333e-08
914,18,28,2.0514300167369856e-08
914,18,28,2.0514300167369856e-08
915,19,28,1.745887904760635e-08
915,19,28,1.745887904760635e-08
916,20,28,2.0648265394958833e-08
916,20,28,2.0648265394958833e-08
917,21,28,2.1316695866042944e-08
917,21,28,2.1316695866042944e-08
918,22,28,1.6027070744581584e-08
918,22,28,1.6027070744581584e-08
919,23,28,2.1560546876331146e-08
919,23,28,2.1560546876331146e-08
920,24,28,1.7896176431371937e-08
920,24,28,1.7896176431371937e-08
921,25,28,1.600659308818976e-08
921,25,28,1.600659308818976e-08
922,26,28,1.257540248908998e-08
922,26,28,1.257540248908998e-08
923,27,28,1.6304906987593362e-08
923,27,28,1.6304906987593362e-08
924,28,28,1.952765612774441e-08
924,28,28,1.952765612774441e-08
925,29,28,1.7682164764204684e-08
925,29,28,1.7682164764204684e-08
926,30,28,1.642828979769688e-08
926,30,28,1.642828979769688e-08
927,31,28,1.7094971045421403e-08
927,31,28,1.7094971045421403e-08
928,31,29,2.2647738285209653e-08
928,31,29,2.2647738285209653e-08
929,30,29,1.978278821665837e-08
929,30,29,1.978278821665837e-08
930,29,29,2.302164805310667e-08
930,29,29,2.302164805310667e-08
931,28,29,1.7341321916366028e-08
931,28,29,1.7341321916366028e-08
932,27,29,1.8890327664888826e-08
932,27,29,1.8890327664888826e-08
933,26,29,2.2442867554812528e-08
933,26,29,2.2442867554812528e-08
934,25,29,1.6427237239072665e-08
934,25,29,1.6427237239072665e-08
935,24,29,1.343153999115557e-08
935,24,29,1.343153999115557e-08
936,23,29,1.8111920456030526e-08
936,23,29,1.8111920456030526e-08
937,22,29,1.5529624435503432e-08
937,22,29,1.5529624435503432e-08
938,21,29,1.8579692806110555e-08
938,21,29,1.8579692806110555e-08
939,20,29,1.7962123024008664e-08
939,20,29,1.7962123024008664e-08
940,19,29,1.7666111654128913e-08
940,19,29,1.7666111654128913e-08
941,18,29,2.2107093988118276e-08
941,18,29,2.2107093988118276e-08
942,17,29,1.2086847335064954e-08
942,17,29,1.2086847335064954e-08
943,16,29,2.240127212362803e-08
943,16,29,2.240127212362803e-08
944,15,29,1.835024283132267e-08
944,15,29,1.835024283132267e-08
945,14,29,1.9389623145585766e-08
945,14,29,1.9389623145585766e-08
946,13,29,1.704903442437861e-08
946,13,29,1.704903442437861e-08
947,12,29,2.2469621975964157e-08
947,12,29,2.2469621975964157e-08
948,11,29,1.9408756795574303e-08
948,11,29,1.9408756795574303e-08
949,10,29,1.9695796322277985e-08
949,10,29,1.9695796322277985e-08
950,9,29,1.604938623375168e-08
950,9,29,1.604938623375168e-08
951,8,29,1.814887447130144e-08
951,8,29,1.814887447130144e-08
952,7,29,1.4542137876143186e-08
952,7,29,1.4542137876143186e-08
953,6,29,1.616212291102726e-08
953,6,29,1.616212291102726e-08
954,5,29,1.8222530515071318e-08
954,5,29,1.8222530515071318e-08
955,4,29,1.0757755206486816e-08
955,4,29,1.0757755206486816e-08
956,3,29,1.1885802365122392e-08
956,3,29,1.1885802365122392e-08
957,2,29,1.051862819995562e-09
957,2,29,1.051862819995562e-09
958,1,29,1.1365100475921247e-08
958,1,29,1.1365100475921247e-08
959,0,29,1.1750235181279938e-08
959,0,29,1.1750235181279938e-08
960,0,30,1.1556703289521832e-08
960,0,30,1.1556703289521832e-08
961,1,30,6.924064080767689e-09
961,1,30,6.924064080767689e-09
962,2,30,1.2073203885044759e-09
962,2,30,1.2073203885044759e-09
963,3,30,2.0453685915086494e-08
963,3,30,2.0453685915086494e-08
964,4,30,1.803212937508202e-08
964,4,30,1.803212937508202e-08
965,5,30,1.6952810383970916e-08
965,5,30,1.6952810383970916e-08
966,6,30,2.2941968437912438e-08
966,6,30,2.2941968437912438e-08
967,7,30,1.6530967072792053e-08
967,7,30,1.6530967072792053e-08
968,8,30,1.4180433984816906e-08
968,8,30,1.4180433984816906e-08
969,9,30,1.945469843648515e-08
969,9,30,1.945469843648515e-08
970,10,30,1.879792726840581e-08
970,10,30,1.879792726840581e-08
971,11,30,1.6767383541440242e-08
971,11,30,1.6767383541440242e-08
972,12,30,1.7268941680601758e-08
972,12,30,1.7268941680601758e-08
973,13,30,2.29614349858279e-08
973,13,30,2.29614349858279e-08
974,14,30,1.9737323119638434e-08
974,14,30,1.9737323119638434e-08
975,15,30,2.25737332925827e-08
975,15,30,2.25737332925827e-08
976,16,30,2.179816898142325e-08
976,16,30,2.179816898142325e-08
977,17,30,1.9268244426834946e-08
977,17,30,1.9268244426834946e-08
978,18,30,1.279083275904224e-08
978,18,30,1.279083275904224e-08
979,19,30,2.091403675974357e-08
979,19,30,2.091403675974357e-08
980,20,30,2.25934668995196e-08
980,20,30,2.25934668995196e-08
981,21,30,2.1012746441933183e-08
981,21,30,2.1012746441933183e-08
982,22,30,1.80063386041076e-08
982,22,30,1.80063386041076e-08
983,23,30,2.2621813188316913e-08
983,23,30,2.2621813188316913e-08
984,24,30,1.6486205154846578e-08
984,24,30,1.6486205154846578e-08
985,25,30,1.4014262372835776e-08
985,25,30,1.4014262372835776e-08
986,26,30,1.8258688834259794e-08
986,26,30,1.8258688834259794e-08
987,27,30,1.7753887833014924e-08
987,27,30,1.7753887833014924e-08
988,28,30,2.0283451931954014e-08
988,28,30,2.0283451931954014e-08
989,29,30,1.654190708931717e-08
989,29,30,1.654190708931717e-08
990,30,30,2.0103398955972997e-08
990,30,30,2.0103398955972997e-08
991,31,30,2.2964388742309312e-08
991,31,30,2.2964388742309312e-08
992,31,31,2.0978531838747428e-08
992,31,31,2.0978531838747428e-08
993,30,31,2.2277870373861127e-08
993,30,31,2.2277870373861127e-08
994,29,31,1.7130419674381103e-08
994,29,31,1.7130419674381103e-08
995,28,31,2.3016520058276012e-08
995,28,31,2.3016520058276012e-08
996,27,31,2.3013451388059347e-08
996,27,31,2.3013451388059347e-08
997,26,31,2.293641475406655e-08
997,26,31,2.293641475406655e-08
998,25,31,1.9857848320048404e-08
998,25,31,1.9857848320048404e-08
999,24,31,1.816441541542122e-08
999,24,31,1.816441541542122e-08
1000,23,31,1.956989840847257e-08
1000,23,31,1.956989840847257e-08
1001,22,31,1.8709546005776163e-08
1001,22,31,1.8709546005776163e-08
1002,21,31,1.9987614530909617e-08
1002,21,31,1.9987614530909617e-08
1003,20,31,1.9258909947190568e-08
1003,20,31,1.9258909947190568e-08
1004,19,31,2.0492776486450563e-08
1004,19,31,2.0492776486450563e-08
1005,18,31,1.9594903169184088e-08
1005,18,31,1.9594903169184088e-08
1006,17,31,1.5865718498384128e-08
1006,17,31,1.5865718498384128e-08
1007,16,31,1.6221587919498848e-08
1007,16,31,1.6221587919498848e-08
1008,15,31,1.666547916727888e-08
1008,15,31,1.666547916727888e-08
1009,14,31,1.9138141009135e-08
1009,14,31,1.9138141009135e-08
1010,13,31,2.2962453268696493e-08
1010,13,31,2.2962453268696493e-08
1011,12,31,1.8328633749112256e-08
1011,12,31,1.8328633749112256e-08
1012,11,31,1.550182716369048e-08
1012,11,31,1.550182716369048e-08
1013,10,31,1.9730286787148258e-08
1013,10,31,1.9730286787148258e-08
1014,9,31,1.7634363106360744e-08
1014,9,31,1.7634363106360744e-08
1015,8,31,1.6742455769178617e-08
1015,8,31,1.6742455769178617e-08
1016,7,31,2.2920857766177605e-08
1016,7,31,2.2920857766177605e-08
1017,6,31,1.6344386405913747e-08
1017,6,31,1.6344386405913747e-08
1018,5,31,1.4281673289286572e-08
1018,5,31,1.4281673289286572e-08
1019,4,31,1.63168611547825e-08
1019,4,31,1.63168611547825e-08
1020,3,31,2.2388151055574917e-08
1020,3,31,2.2388151055574917e-08
1021,2,31,6.561221159524298e-10
1021,2,31,6.561221159524298e-10
1022,1,31,6.392339325956145e-09
1022,1,31,6.392339325956145e-09
1023,0,31,5.05317808008765e-10
